100
1962 2108 2235 1912 2053 1935 2076 2119 2144 2257 1961 2228 2058 1746 2117 1883 2167 2155 1799 2067 2044 2181 2169 2006 2064 1944 2153 1802 1953 2091 1606 1614 1750 2097 1899 1876 1962 1941 2012 1973 2378 1925 1942 1847 2082 2012 2060 2023 1831 2339 2141 2062 2232 1844 2085 1787 1923 1922 2171 2029 1778 1779 2024 1868 1900 2086 1955 2117 2118 1899 2052 2403 1974 2026 1859 1908 1961 2214 1825 1962 2000 1948 2307 1876 1942 1985 1991 1974 1838 2234 2100 1998 2114 1786 2137 2072 1816 2122 2065 1970 
2133 2294 1997 1809 2023 1956 2099 2359 2227 2117 2049 2030 1988 1924 1973 1932 2239 2023 2166 2146 2032 2216 2127 2025 2054 2266 2046 1901 2032 2242 1775 1889 1845 1916 1947 2091 1894 2053 2088 2159 2359 1993 1980 1821 2163 2223 2000 2171 1999 2328 2159 2327 2197 1859 2265 1821 1934 2040 2258 2185 1947 1898 2129 2339 1843 2204 2149 2028 2107 1979 1959 2182 2007 2035 2027 1937 2089 2051 2009 1920 2174 2043 2459 1972 2010 1908 2143 1988 1968 2435 2085 2090 2076 1989 2234 2142 1975 2143 2046 2140 
2036 2227 2245 2005 2121 2061 1983 2172 2122 2152 2109 2033 2077 1996 2353 2104 2259 2195 2043 2147 2280 2331 2085 2018 2053 2207 2239 2014 2183 2106 1749 1665 2062 2014 1885 1906 2025 2013 2120 2034 2412 2009 1977 1967 2083 2212 2133 2034 1879 2346 2126 2199 2244 2000 2162 1828 2166 1962 2187 2203 2044 1872 2032 1874 2026 2152 2138 1961 2237 2129 1921 2277 1769 2173 2132 2204 2134 2122 2158 1975 2173 2145 2460 2019 2036 1791 2087 1991 2041 2290 2087 2042 2125 1935 2183 1973 1989 2136 2044 2089 
1750 1882 2009 1781 1856 1844 1796 2071 1865 1830 1762 2068 1840 1522 1843 1771 1975 1837 1512 1921 1791 1905 1810 1895 1802 1849 1842 1638 2002 1950 1553 1628 1607 1594 1907 1699 1647 1697 2014 1819 2069 1775 1859 1751 1820 1829 2037 1741 1780 2223 2000 1973 1980 1687 1796 1506 1967 1931 2064 1915 1860 1684 1815 1855 1716 2000 1727 1741 1801 1784 1685 1950 1766 1991 1914 1697 1732 1911 1729 1716 1981 1818 1983 1719 1598 1604 1703 1769 1785 2143 2020 1794 1798 1581 1867 1808 1784 2011 1747 1801 
1839 2093 2209 1673 2028 1999 2099 2174 2156 2068 1971 2212 2021 1858 2256 1952 2033 2002 1909 2170 2105 2053 2016 1915 2114 2118 2023 1784 1959 2149 1656 1635 1745 1717 1957 1737 1975 1915 2076 1849 2202 1995 1905 1932 1938 2005 2119 1799 1873 2288 2208 2143 2119 1904 2016 1863 1942 1925 2099 2130 1854 1648 1983 1768 1779 2094 1983 1925 2045 1938 1834 2223 1812 2149 2053 1770 1949 2187 1973 1807 2150 1946 2376 1968 1768 1866 1825 1962 1970 2105 2024 1825 2029 1858 2154 2138 1980 2089 1969 1992 
2126 2368 2380 1877 2151 2185 2221 2642 2363 2451 2150 2379 2396 2075 2495 2012 2419 2053 2013 2514 2283 2256 2446 2184 2229 2327 2279 1898 2281 2331 1827 1765 1901 2212 2131 2165 2168 2096 2238 2161 2457 1974 2272 2140 2268 2146 2239 2065 1893 2591 2214 2337 2151 1962 2308 2051 2127 2186 2504 2281 2020 2143 2207 2124 2092 2344 2314 2231 2529 2144 2070 2589 2050 2289 2225 2088 2300 2288 2238 1979 2250 2066 2510 2140 2080 2127 1946 2059 2135 2499 2290 2031 2267 2054 2528 2077 2078 2231 2087 2163 
1758 2033 1968 1656 1879 1858 1939 2212 2023 1970 1903 1870 2010 1837 2000 1826 2024 1893 1781 1967 1977 2045 2185 1882 1847 1972 2025 1677 1876 1977 1528 1667 1821 1767 1871 1869 1888 1844 1883 1922 2098 1745 1847 1678 2101 2101 1710 2022 1854 2218 1846 2044 2114 1726 1919 1655 1789 2017 1974 2163 1768 1782 1872 1851 1858 1932 2009 1897 2165 1982 1768 1959 1712 1888 2084 1879 1768 1987 1980 1790 1934 1855 2298 1928 1768 1653 1996 1908 1954 2159 2066 1831 1841 1740 2051 1766 1722 2127 1944 2135 
2059 2109 2201 2012 1975 2114 2090 2326 2129 2122 1869 2133 2004 1909 2120 2089 2207 1982 1815 2157 1987 2216 2005 2049 1955 1953 2209 1834 2076 2133 1834 1577 1838 1893 1868 1896 1867 1793 2063 2056 2387 1894 1978 1958 2064 2090 1983 2054 1829 2344 2276 2135 2066 2064 2089 2033 2105 1883 2266 2277 1817 1807 2039 1921 1898 2078 1868 1822 2062 2191 1960 2078 2105 1972 2054 2036 2157 2224 1951 1880 2101 1834 2337 2115 2010 1889 2007 1937 2018 2334 1940 1888 2069 1900 2114 1878 1805 2167 1926 2124 
2074 2109 2100 1897 2110 2035 1998 2183 2174 2076 2022 2037 2031 1894 2184 1894 2217 2214 1893 1973 1752 2048 2028 1960 2143 2021 2063 1760 2134 2225 1634 1774 1811 1962 1893 1924 1810 1936 2107 2022 2182 1861 1952 2020 1976 2091 2060 1950 1939 2167 2179 2117 2114 1592 2026 1861 2028 2069 2099 2044 1909 1905 2019 1934 1799 2037 2085 1873 1986 1989 1910 2141 1908 2061 1940 1830 2027 2083 1927 1771 2060 1902 2172 2012 1765 1981 1901 1800 2057 2279 2012 2003 2031 1816 2009 2018 1828 2103 1924 2010 
1740 1830 1925 1615 1747 1745 1902 2005 1791 1877 1618 1975 1900 1640 1858 1613 1848 1685 1723 1902 1732 1923 1771 1638 1925 1864 1737 1512 1829 1797 1442 1320 1406 1709 1738 1485 1639 1647 1782 1774 2086 1533 1749 1586 1852 1782 1845 1661 1530 1983 1878 1733 1857 1736 1808 1763 1760 1743 1910 1928 1564 1688 1740 1700 1524 1718 1765 1659 1780 1828 1753 1957 1682 1868 1719 1673 1673 1910 1719 1750 1728 1748 1999 1557 1598 1508 1678 1640 1922 1951 1767 1779 1857 1807 1881 1830 1625 1841 1710 1693 
1898 2062 2176 1723 1937 1972 1983 2118 2031 2106 2102 1967 2016 1831 2018 1833 2078 2047 2078 2100 1934 1893 1912 2045 2003 2053 1947 1702 1943 2063 1624 1556 1700 1880 1841 1790 1884 1751 2028 2036 2319 1879 1880 1841 1953 1911 1978 1955 1746 2378 2053 2081 2208 1986 2030 1725 1789 2036 2305 1993 1667 1826 2040 1857 1799 2034 1948 1930 2023 1962 1915 2251 2023 2056 1969 1912 1865 2030 2042 1738 2079 1941 2328 1911 1967 1771 1949 2051 1884 2036 2129 1840 2109 1914 2201 1841 1812 2184 1817 1995 
1976 2270 2326 1849 1956 2041 2210 2296 2202 2188 1984 2075 2129 1976 2267 2015 2287 2196 2024 2312 2116 2315 2103 2059 2272 2399 2112 1986 2301 2269 1755 1776 1840 1932 2150 1919 2122 2071 1951 2004 2330 1830 1943 2037 2119 2162 2036 1951 1954 2454 2103 2280 2329 2031 2163 1789 1973 2201 2205 2075 1831 1813 2212 2134 2021 2178 2044 2024 2220 2099 2083 2337 1981 2132 1921 1852 2111 2223 1998 2048 2216 2144 2393 2034 2094 1832 1887 2121 2168 2286 2170 2063 2188 2064 2150 2139 2018 2090 1955 2170 
2151 2238 2344 1837 1841 2082 2197 2273 2210 2130 2055 2159 2104 1990 2146 1867 2204 2256 2137 2206 2212 2254 2078 1948 2035 2059 2167 1894 2164 2230 1711 1901 1748 1930 1961 1868 1975 1907 2134 2129 2398 2137 2104 1952 2078 2154 2091 1945 1918 2304 2189 2173 2277 1799 2082 1987 1984 2017 2202 2224 1775 1834 2150 2040 1987 2215 2152 1996 2095 2084 1930 2204 1932 2245 2032 1873 1972 2125 2121 1831 2056 1916 2434 2226 1790 1916 2187 1791 2106 2193 2062 2059 2227 2055 2094 2044 1839 2202 2048 2105 
2079 2251 2241 2007 2232 2119 2206 2393 2275 2134 1982 2203 2286 1883 2228 1885 2258 2111 1978 2251 2167 2254 2115 1950 2066 1999 2267 1837 2128 2343 1801 1711 1845 2058 1995 2013 1889 2142 2236 2088 2430 1993 2086 2015 2216 2354 2153 2106 1800 2505 2175 2294 2107 2038 2155 1968 2113 2130 2391 2218 1971 1895 2146 2075 2027 2176 2119 1953 2264 2119 1915 2325 2047 2097 2059 2133 2121 2216 2097 2011 2227 1942 2510 2077 1981 2019 2117 2043 2264 2343 2372 2056 2096 1882 2256 2051 1872 2211 2103 2026 
2018 2219 2333 1979 2119 2372 2435 2461 2278 2281 2173 2253 2108 1990 2436 2198 2324 2243 2015 2247 2271 2340 2149 2142 2259 2142 2444 2050 2166 2319 1738 1815 1973 2003 2171 1914 2205 2115 2340 2091 2528 2278 2097 2141 2119 2354 2125 2161 2135 2634 2436 2234 2468 2192 2250 2169 2127 2230 2342 2277 1885 1841 2194 1996 1960 2252 2122 2103 2211 2242 2103 2392 2001 2377 2053 1953 2274 2325 2088 2167 2362 2166 2605 2066 2122 2067 2285 2194 2227 2525 2203 1937 2230 1998 2198 2200 1954 2400 2029 2232 
1729 1806 1822 1707 1722 1835 1931 2099 1877 1941 1746 1744 1766 1708 1955 1592 1894 1662 1719 1981 1958 1860 1828 1662 1802 1818 1857 1607 1854 1980 1446 1467 1543 1750 1578 1566 1600 1737 1994 1832 2167 1710 1689 1610 1810 1816 1977 1712 1572 2068 1768 2017 1952 1853 1862 1721 1815 1710 1907 1916 1670 1767 1763 1722 1528 1811 1788 1704 1729 1830 1783 2010 1751 1809 1659 1647 1802 1747 1851 1706 2044 1571 2155 1743 1620 1613 1772 1733 1853 1832 1637 1545 1962 1667 2080 1745 1450 1931 1621 1754 
2039 2216 2304 1945 2157 2105 2222 2327 2145 2326 2138 2175 2157 1961 2266 1998 2170 2111 1893 2257 2211 2192 1955 2020 2050 2035 2156 1878 2247 2279 1678 1795 1812 1980 2000 1912 1910 2011 2223 2105 2594 1939 2016 2034 2047 2225 1970 2126 1981 2456 2215 2231 2301 2078 2123 2001 2029 2026 2137 2285 1821 1923 2064 1943 1967 2068 2031 1876 2252 1975 2029 2482 1972 2198 2064 1894 2060 2165 2169 1926 2392 1921 2500 2133 2038 1906 2213 1943 2124 2291 2006 1953 2226 1913 2214 2063 1787 2297 2137 2073 
1753 1821 1874 1690 1914 2019 2013 1856 1812 1907 1608 1777 1910 1746 1940 1713 1943 1768 1766 2007 1975 1985 1754 1876 1932 1984 1934 1778 1862 2156 1627 1437 1728 1700 1827 1663 1596 1833 1850 1891 2240 1599 1964 1732 1743 1891 2011 1729 1692 2200 2045 1900 1859 1722 2074 1676 1682 1768 2017 1954 1784 1705 1883 1617 1654 1916 1818 1728 1881 1829 1715 2098 1724 2094 1834 1726 1987 1928 1895 1803 1926 1797 2165 1676 1808 1766 1693 1812 1940 2121 1904 1745 1877 1697 1937 1900 1727 1917 1848 1814 
2210 2485 2359 2005 2245 2267 2435 2324 2253 2330 1992 2201 2294 2128 2346 2169 2445 2170 2086 2416 2333 2460 2227 2086 2267 2430 2282 2060 2234 2395 1817 1862 2026 2126 2129 2001 1911 1923 2301 2249 2603 2030 2155 2134 2378 2316 2327 2035 1922 2531 2225 2254 2427 2004 2313 1940 2102 2135 2348 2428 2057 2018 2165 2117 2184 2231 2307 2103 2390 2095 2067 2556 2114 2256 2157 2041 2097 2342 2275 2061 2228 2186 2526 2185 2251 1947 2178 2021 2193 2501 2205 2247 2178 2107 2362 2223 2079 2268 2217 2253 
1785 2010 1666 1500 1709 1652 1733 1744 1920 1685 1745 1760 1829 1499 1809 1682 1888 1761 1758 2027 1822 1910 1763 1704 1713 1738 1878 1602 1834 1958 1522 1336 1717 1598 1731 1568 1788 1604 1707 1674 2026 1667 1560 1673 1839 1888 1765 1856 1679 1959 1829 1882 1757 1684 1766 1546 1594 1793 1950 1835 1583 1646 1780 1791 1577 1826 1501 1470 1773 1631 1618 1915 1646 1825 1727 1570 1817 1856 1857 1704 1892 1862 2079 1863 1827 1681 1766 1722 1826 1898 1850 1643 1714 1813 1807 1636 1611 1843 1624 1926 
1740 2124 2074 1729 1835 1731 1982 2185 2148 1880 1869 1964 1937 1817 2021 1852 2080 2023 1823 2074 2012 2189 1716 1758 2049 1980 2055 1801 1916 2055 1470 1569 1686 1676 1906 1661 1761 1847 1957 1792 2123 1842 1849 1667 2005 1889 1896 1902 1728 2353 2060 1915 1950 1889 1946 1820 2055 1888 2125 1911 1834 1634 1953 1870 1759 2040 1910 1802 1964 2065 1908 2047 1764 1867 1912 1752 1994 1923 1706 1727 1938 1860 2240 1838 1858 1848 1865 1945 1910 2173 2017 1701 1797 1792 2027 1946 1700 1910 1739 1822 
2281 2395 2293 1920 2137 2187 2232 2260 2244 2130 2077 2205 2274 2066 2445 2004 2182 2211 2162 2323 2229 2248 2128 2010 1990 2230 2308 1949 2212 2401 1786 1845 2043 2149 2084 2042 2064 2061 2126 2083 2495 2134 2137 2048 2023 2387 2216 2021 2054 2514 2213 2265 2265 1927 2286 1962 1991 1964 2122 2276 1877 1981 2138 2013 2093 2176 2236 2009 2127 2101 2001 2508 1842 2221 1913 1959 2140 2253 2159 2012 2387 2072 2624 2311 2111 1948 2224 2024 2085 2430 2078 2067 2302 1998 2117 2041 1988 2247 2051 2234 
1695 2078 1960 1677 1751 1750 1914 1872 1820 1834 1703 1844 1876 1732 2087 1759 1780 1967 1538 1767 1754 1964 1673 1722 1885 2030 1767 1589 1943 2104 1566 1506 1568 1764 1719 1792 1605 1859 1895 1814 2000 1669 1761 1648 1700 1939 1894 1583 1630 2097 2047 1781 1899 1781 1902 1725 1788 1827 1897 1770 1810 1660 1956 1713 1839 1825 1874 1728 1857 1889 1699 2070 1813 1863 1708 1747 1903 2032 1767 1813 2010 1791 2028 1764 1764 1511 1743 1862 1887 2091 1761 1541 1919 1630 1961 1605 1641 1834 1706 1790 
2026 1975 2114 1745 2053 1916 1999 2118 2070 2222 1822 1997 1932 1938 1930 1850 2034 1870 1920 2109 2170 2153 2014 2014 2095 2009 2053 1640 2064 2153 1615 1770 1897 1795 1953 1865 1859 1827 2102 2084 2208 1860 1889 1842 1920 2075 2116 1967 1878 2280 2190 2125 2113 1962 2106 1673 1991 1947 2171 2067 1873 1838 2001 1863 1831 2002 2040 2050 2136 2058 1926 2256 1791 2231 2090 1915 2003 2130 1912 1900 2012 1895 2327 1827 1744 1788 2107 1898 2028 2275 1890 1929 2040 1877 2066 2011 1927 2184 1948 1949 
2037 2085 2145 1905 1919 2028 2069 2116 2118 2039 1968 2050 1991 1963 2038 1989 2151 2174 1861 2065 2033 2103 1981 2069 1887 2095 2171 1820 2018 2229 1675 1731 1813 1847 1777 1693 1856 1787 2116 2182 2439 1945 2067 1954 1966 2260 2046 2070 1856 2133 2091 2143 2152 1918 2105 1792 1961 1982 2238 2156 1771 1773 2149 1987 1834 2092 1836 2022 2091 2061 2003 2304 1961 2114 2176 1935 1959 2054 2102 1911 1965 1903 2349 2001 1795 1917 1990 1836 2021 2267 1936 2088 2189 1915 2096 1964 1831 2267 2056 1865 
1959 2150 2105 1786 1924 2009 2088 2214 2007 2022 1929 2002 2140 1957 2050 1747 2097 1980 2060 2265 2243 2140 1946 2062 2012 2073 2150 1908 2207 2225 1611 1600 1867 1813 2033 1963 1687 1890 1934 1899 2455 1880 2025 1787 1975 2143 2109 2020 1783 2267 2183 2074 2126 1916 2103 1783 1916 1927 2317 2121 1869 1912 1972 1859 1830 2086 1907 1943 2073 1993 1833 2131 1906 2237 1947 2030 2084 1911 2065 1738 2129 1958 2371 2019 1985 1677 2171 1932 2078 2142 2054 1878 2179 1892 2084 1921 1894 1890 1942 1847 
2160 2170 2010 1808 2182 2002 2272 2272 2172 2266 1955 2042 1972 2008 2262 1879 2213 1954 2051 2301 2231 2305 2170 2096 2167 2223 2119 1856 2196 2369 1762 1692 1962 1939 2011 2060 1960 2068 2164 2098 2401 1998 2081 1895 2202 2294 2135 2120 1904 2434 2257 2217 2161 1958 2245 1831 2034 2176 2221 2247 2106 2000 2203 2138 1897 2093 2122 2128 2152 2148 2106 2187 2011 2310 2061 1968 2229 2256 2056 2065 2167 1982 2499 2070 2066 1887 2163 2036 2277 2371 1912 2027 2192 2002 2192 2070 1951 2269 1914 2117 
1848 2175 2152 1807 1799 1866 2102 2014 2024 1936 1778 1968 1903 1746 1991 1871 2118 2060 1795 2147 2026 2168 1801 1898 2022 1987 2032 1774 1836 2047 1573 1567 1639 1681 1839 1808 1908 1711 1969 1900 2011 1813 1852 1890 1914 1949 1987 1865 1868 2186 1924 2035 2041 1728 1971 1790 1855 1903 2212 1963 1806 1656 2150 1880 1858 2046 1808 1923 2025 1960 1789 2176 1773 1956 1956 1652 1805 2136 2046 1705 2078 1841 2195 1957 1777 1793 2001 1730 1868 2170 1915 1884 1874 1890 1943 1961 1790 1958 1839 2017 
1982 2131 2141 1841 1942 1873 1955 2234 2002 2058 1960 2118 2141 1884 2204 1793 2076 2049 1799 2181 2056 2160 2070 1911 2057 2119 2006 1646 2074 2175 1767 1688 1725 1862 1974 1891 1828 1973 2029 1951 2206 1887 2041 1987 2004 2221 2121 1883 1820 2283 2046 2024 2031 1827 2035 1780 2041 1885 2143 2097 1883 1633 2088 1882 1760 2011 2065 2032 2166 2015 1826 2208 1848 2130 2043 1897 2038 2088 1895 1944 2227 1935 2289 1853 1858 1835 1991 1934 2162 2189 1999 1856 1998 1826 2097 1985 1805 2114 1994 1906 
2155 2180 2188 1771 2044 1954 2215 2112 2135 2152 2032 2151 1919 1917 2216 2044 2183 2157 1863 2261 2012 2094 1879 2046 2006 2329 1996 1941 2145 2253 1719 1870 1854 1915 2051 1908 1858 1977 2168 1904 2371 2050 2087 2045 2159 2155 2134 2019 2022 2206 2320 2028 2075 1782 2151 1895 1927 1994 2177 2228 1790 1857 2168 1900 1985 2000 1903 2000 2165 2124 1902 2244 2005 2231 2032 1986 2223 2350 1987 2008 2078 1986 2316 2069 2111 1834 2080 1882 2096 2284 1978 1924 2202 1897 2210 2000 1908 2156 2044 2128 
2154 2252 2255 1899 2141 1960 2047 2255 2125 2403 2033 2142 2054 1989 2186 1971 2170 2064 2122 2294 2182 2152 2090 2125 2012 2204 2038 1907 2171 2293 1640 1858 1945 1916 1958 1885 1776 1987 2148 2118 2450 2138 1961 2015 2373 2035 2051 2171 1928 2313 2211 2328 2259 2048 2146 1848 2164 2281 2280 2207 1942 1913 2064 1876 1916 2266 2017 1973 2229 2019 1974 2218 2030 2049 2198 2056 2201 2077 2057 1954 2127 2009 2450 2033 2053 1879 2067 2063 2270 2212 2060 2057 2182 2083 2268 2119 1954 2200 2100 2164 
2054 2173 2178 2140 2080 2097 2160 2187 2227 2139 2025 2103 2072 1769 2155 2045 2293 2274 2053 2175 2095 2184 2224 2146 2088 2117 2129 1849 2274 2196 1627 1667 1849 1948 1979 1977 1935 1933 2270 2072 2470 2017 2012 2064 2207 2189 2134 2111 1967 2298 2305 2224 2276 1996 2085 1918 2084 2055 2331 2269 2006 1894 2256 2084 1862 2149 1989 2105 2166 2036 1976 2364 1984 2093 2117 1990 2068 2238 2036 1837 2120 2086 2382 2004 1922 1970 2143 2070 2107 2357 2006 2126 2202 1913 2117 1943 1845 2120 2074 1971 
1671 1927 1912 1779 1727 1752 2038 1916 1898 1670 1859 1828 1960 1741 1879 1693 1951 1941 1733 1934 1860 1858 1995 1704 1778 1686 1684 1666 1937 1902 1309 1573 1523 1566 1785 1609 1719 1719 1854 1768 1977 1923 1899 1665 1684 1782 1850 1652 1743 2086 2073 1896 1963 1914 1718 1652 1826 1797 1930 1989 1631 1596 1792 1598 1622 1724 1728 1889 1761 1869 1702 2026 1611 1985 1779 1648 1750 1795 1738 1748 1820 1622 2217 1701 1620 1586 1849 1782 1866 1877 1679 1691 1984 1778 1901 1718 1596 2023 1840 1831 
1986 2259 2096 1926 1967 1811 2083 2324 2148 2060 2017 2110 2052 1926 2177 1924 2241 2008 1865 2084 2073 2253 2051 1924 2047 1979 2054 1887 2033 2178 1638 1758 1866 1875 1889 1856 1834 1971 1991 2079 2244 2005 1900 1831 2234 2040 2007 2171 2027 2383 2054 2269 2211 1925 2041 1932 2230 2108 2138 2003 1767 1916 2206 1992 1904 2170 2051 2017 2230 2076 2014 2135 1913 2097 2015 2043 2077 2002 2039 2033 2125 1804 2353 1959 1997 1735 2033 2118 2111 2269 2066 1931 1952 1870 2202 1973 1827 2136 1961 2073 
1775 1948 2064 1672 1794 1763 2040 2130 1902 1954 1826 1969 1806 1866 2149 1812 1864 2143 1760 2124 1928 2218 1911 1910 1981 2138 2069 1708 1951 1898 1706 1684 1666 1835 1888 1786 1751 1814 2013 1986 2100 1813 1935 1719 1832 1892 2031 1859 1714 2136 1908 1838 1986 1668 2000 1709 1759 1843 2137 2201 1852 1892 2021 1841 1740 1917 1995 1998 1913 2062 1795 2140 1882 2120 1915 1790 1968 2146 1818 1774 1976 1998 2185 1830 1833 1784 1608 1928 1887 2148 1801 1792 2036 1873 2159 1921 1910 1986 1812 1765 
2055 2230 2129 2022 1951 1966 1969 2252 1969 2155 2085 2106 2004 1990 2193 2013 2179 2166 1892 2183 2040 2238 2060 1930 2100 2296 2008 1732 2168 2182 1747 1799 1817 1888 1970 1870 1781 2039 2034 2207 2406 2029 1962 1918 1974 2144 2185 1982 1863 2255 2296 2202 2123 1821 2298 1870 2058 2015 2214 2143 1923 2013 2118 2042 1800 1984 2145 1891 2035 2154 1852 2231 1898 2169 2101 2054 2055 2165 2103 1823 2169 2022 2488 1872 1778 1816 2139 1843 1976 2244 2177 1943 2173 1830 2068 2025 2034 2243 2066 2009 
2334 2553 2504 2060 2306 2137 2308 2688 2408 2458 2407 2511 2473 2280 2589 2239 2494 2369 2243 2325 2324 2423 2407 2198 2352 2348 2403 1953 2321 2542 1981 1867 2156 2128 2159 2130 2208 2241 2196 2279 2591 2275 2289 1993 2303 2446 2396 2288 2280 2673 2445 2419 2404 2108 2344 2169 2501 2420 2348 2549 2172 2151 2344 2082 2143 2263 2320 2147 2406 2537 2288 2395 2198 2538 2428 2221 2335 2553 2257 2156 2320 2271 2640 2288 2171 2082 2301 2228 2392 2506 2262 2293 2343 2142 2331 2146 2085 2552 2292 2326 
1954 2033 2122 1872 1867 1876 1967 2082 2016 1990 1711 2017 2100 1804 2055 1834 1975 1893 1897 2241 1987 2139 2065 1907 2119 1865 1893 1748 1992 2227 1781 1725 1680 1789 1866 1772 1798 1781 2024 2078 2360 1742 1926 1888 1912 1840 2021 1888 1874 2315 2218 2175 2099 1848 2095 1880 1854 1916 2116 2146 1716 1966 1986 2010 1844 2040 1964 1901 1968 1838 1773 2233 1910 2130 1969 1903 1800 1995 2072 1805 2076 1746 2371 1816 1854 1782 2039 1755 2023 2149 2010 1897 2011 1880 2107 2033 1731 1995 2064 2014 
2036 2151 2037 1867 2007 2006 2161 2339 2189 2039 2038 2157 2059 1986 2197 1871 2238 2098 2148 2250 1976 2270 2169 1848 2016 2153 2138 1904 2088 2119 1584 1699 1850 1963 2055 1893 2063 1935 2091 1912 2299 1889 1969 1816 1969 2119 1890 2043 2129 2443 2132 2159 2322 1812 2067 1848 1789 2179 2127 2215 1880 1893 2099 1972 1857 2091 2006 1917 2073 1991 2036 2304 1934 2178 1998 1864 2002 2147 2010 1833 2096 2166 2470 2054 2088 1860 1938 1949 2035 2124 2044 2007 2070 1953 2076 1971 1946 2134 1975 2102 
1881 2044 2171 1791 1930 1827 1925 2324 2063 2015 1937 2111 1974 1753 2037 1920 2192 2003 1941 2049 1827 2107 1955 1865 2019 2011 1901 1795 2116 2034 1486 1693 1656 1822 1953 1875 1894 1966 2013 1813 2048 1945 1899 1813 1896 1825 1990 1728 1688 2340 2161 2063 1937 1832 1999 1872 1964 2117 2134 2010 1695 1699 2048 1918 1837 2040 1832 2011 1933 2008 1937 2129 1854 1969 1869 1832 1935 2009 1934 1854 1985 1826 2303 1990 1881 1810 1764 1839 1967 2048 2047 1813 1971 1829 2039 1892 1811 1951 1656 1808 
2314 2589 2521 2246 2330 2254 2421 2685 2639 2332 2323 2491 2445 2089 2664 2261 2569 2502 2281 2585 2468 2656 2510 2317 2449 2457 2563 2167 2581 2563 1942 2000 2200 2311 2375 2201 2415 2367 2447 2266 2650 2288 2294 2386 2424 2349 2509 2409 2230 2805 2561 2560 2439 2202 2518 2275 2304 2559 2564 2554 2267 2073 2412 2228 2275 2512 2321 2263 2385 2341 2185 2687 2197 2531 2305 2384 2441 2544 2404 2173 2407 2416 2769 2471 2279 2273 2271 2171 2400 2640 2406 2144 2390 2214 2589 2325 2184 2597 2301 2421 
2159 2312 2152 1834 2192 1942 2198 2341 2281 2144 2114 2189 2247 1985 2273 1916 2261 2177 1906 2250 2190 2286 1937 2176 1996 2310 2063 1870 2411 2221 1754 1880 1965 2068 2207 2110 1958 2118 2277 2224 2450 1960 2059 2010 2293 2169 2067 2158 1926 2493 2218 2281 2215 1950 2145 1915 2035 2095 2303 2099 2061 1845 2198 2118 1965 2320 2212 1903 2161 2213 1929 2329 1989 2171 2000 1997 2301 2276 2155 1921 2236 2029 2376 2203 2131 1871 2034 2171 2164 2352 2168 2083 2250 1964 2242 2028 2031 2386 2037 2047 
1802 2022 2070 1748 1799 1753 1960 2045 1896 2026 1752 1932 1864 1678 2004 1677 1804 2054 1686 1989 1757 2042 1801 1935 1887 1910 1962 1652 2052 1881 1474 1625 1694 1687 1833 1752 1717 1657 1903 1822 1958 1669 1808 1689 1923 1748 1838 1822 1654 1987 1884 1886 1822 1620 2002 1652 1627 1941 2020 1879 1835 1733 1966 1792 1829 1873 1863 1836 1777 1815 1716 2175 1712 1875 1671 1725 1808 1898 1749 1644 1837 1699 2169 1855 1642 1762 1605 1779 1782 2081 1855 1816 1896 1779 1849 1646 1698 1837 1723 1678 
1904 1998 1992 1874 2029 2008 2208 2107 2121 2115 1789 2008 2067 1791 2217 1876 2127 1914 2069 2163 2028 2219 2008 1963 2042 2116 2001 1721 2112 2141 1551 1620 1764 1836 1810 1879 1925 1922 1978 1924 2251 1760 1825 1951 2050 2089 2003 1999 1777 2286 1992 2080 1994 2013 2072 1823 1933 1924 2123 2004 1738 1776 1982 1863 1826 1931 1969 1907 2031 1960 1966 2266 1951 1996 1775 1948 2064 2047 1859 1974 1943 1986 2275 1892 2098 1635 1894 2011 2006 2040 1951 2003 1977 1817 2153 1809 1839 1991 1934 1918 
1730 1969 1912 1597 1761 1858 1891 1938 1799 1910 1860 1881 1811 1675 2118 1674 1877 1767 1681 1933 1906 1896 1960 1853 1827 1846 1578 1527 1924 2078 1509 1488 1567 1628 1649 1702 1700 1662 1820 1966 1981 1776 1689 1711 1788 1713 1983 1627 1677 2006 1942 1738 1854 1750 1936 1620 1769 1856 1832 1848 1685 1728 1820 1726 1748 1719 1770 1835 1809 1654 1622 2024 1626 2047 1666 1533 1873 1780 1800 1841 1890 1666 2036 1723 1659 1467 1755 1831 1783 1851 1766 1654 1930 1697 1787 1701 1561 1903 1754 1851 
1818 2054 2129 1783 1744 1735 1889 2036 1880 1922 1688 1957 2047 1660 2058 1591 2003 1781 1760 2177 2088 2137 1872 1778 1875 1924 2038 1713 1867 1968 1550 1568 1777 1854 1859 1754 1872 1565 1843 1874 2188 1715 1930 1788 1793 1999 1988 1822 1714 2335 1877 1988 1861 1680 2081 1634 1826 1713 2052 1956 1699 1683 1776 1835 1790 1955 1851 1802 1821 1854 1764 2169 1597 1923 1701 1842 1888 1908 1963 1785 1994 1864 2198 1796 1901 1700 1868 1777 1854 2107 2004 1783 1989 1698 2027 1768 1721 2003 1782 1999 
2250 2411 2240 2083 2251 2032 2161 2361 2180 2226 1941 2222 2273 2187 2129 2093 2433 2167 2070 2218 2184 2372 2184 2145 2126 2152 2206 1859 2325 2337 1842 1773 2070 1994 2232 2046 1866 1922 2208 2275 2470 2028 2231 2065 2417 2185 2171 2123 1958 2480 2454 2340 2358 2033 2243 2014 2320 2245 2357 2218 2014 1907 2182 2060 1870 2301 2263 2148 2267 2286 2081 2293 2160 2129 2180 2166 2173 2195 2211 1985 2299 1957 2563 2141 2091 1997 2041 2205 2323 2356 2202 2109 2212 2033 2154 2094 1867 2425 2132 2125 
2154 2278 2176 1964 2052 1996 2156 2201 2142 2086 1826 2102 2307 1899 2188 1914 2335 2063 2029 2238 2112 2304 2004 1941 2030 2046 2084 1761 1918 2196 1664 1828 1934 1924 1913 1971 1909 2001 2144 2082 2364 1938 2018 1976 2084 2317 2068 1948 1936 2395 2142 2171 2242 1908 2099 1908 2102 1932 2169 2109 1775 1862 2159 1999 1936 2135 2084 2143 2176 2065 1990 2349 2079 2178 2052 2011 2020 2136 2017 2015 2177 1839 2408 2065 2017 1906 2154 1883 2141 2322 2140 2075 2081 1814 2351 1898 1914 2321 2120 2091 
1815 2033 2154 1807 1914 1926 1948 2264 2044 2056 1994 2099 2123 1963 2104 1789 2091 2033 1678 1843 1960 2019 2095 1898 2000 2035 2138 1688 2022 2198 1724 1736 1746 1820 1926 1935 1808 1989 2079 2004 2113 1857 1905 1794 2037 1974 1985 1982 1902 2154 2000 2134 2132 1719 1856 1932 1917 2105 2145 2011 1820 1767 2006 1790 1881 1995 2102 2066 2178 1925 1822 2195 1694 2085 1989 1876 1948 2163 1955 2001 1958 1668 2203 1893 1835 1732 1977 1949 1986 2287 1948 1790 2034 1699 2014 1834 1773 1992 1940 1779 
1785 2080 1848 1773 1873 1818 1948 2097 1965 1759 1908 1782 1964 1719 2107 1697 1941 1853 1642 1817 1873 2012 1980 1769 1929 1966 1906 1607 2006 1939 1685 1536 1685 1952 1750 1761 1813 1721 1889 2010 2144 1727 1719 1750 2000 2137 1883 1996 1746 2126 1894 1913 2085 1767 1973 1667 1871 1808 1961 1893 1784 1519 1914 1826 1628 1748 1984 1779 1961 1830 1721 2012 1702 1889 1715 1748 1900 1926 1917 1861 1959 1955 2064 1703 1918 1497 2043 1781 1909 2037 1770 1771 1745 1652 1890 1817 1644 2033 1759 1918 
1747 2077 2000 1823 1975 1884 1867 2183 1953 2013 1625 2003 2058 1799 2064 1919 1980 2056 1905 1947 1967 2231 2080 1814 1861 1983 2080 1483 2001 2000 1622 1558 1779 1820 1892 1794 2040 1809 1934 2042 2230 1786 2064 1923 2076 2013 1846 1828 1810 2422 2023 2014 1994 1747 1866 1852 1905 1765 2059 2127 1808 1769 1886 1837 1873 2063 2094 1824 2018 1859 1999 2122 1807 1958 1908 1881 1767 2061 1913 1619 1914 1776 2189 2029 1803 1893 1788 1884 2057 2173 1989 1994 2016 1818 1867 2036 1792 2022 1908 1804 
1999 2253 2217 1876 1931 1923 2076 2114 2160 1951 2047 2095 2068 2021 2262 2091 1924 2160 1842 2061 1992 2143 2133 2068 1887 2199 2060 1840 2102 2236 1573 1708 1795 1961 1923 1932 1902 1931 2048 2094 2201 1956 1919 1921 1950 2128 1913 1906 1926 2371 2150 1948 2188 1899 2186 1775 1882 2094 2213 2097 1815 1805 2034 1876 2041 2083 2166 2056 2126 1966 1954 2272 1830 2124 2127 2057 2031 2018 1932 1778 1947 2123 2319 1934 1904 1831 2006 1977 1931 2353 2038 1784 2012 1844 1953 1854 1962 2189 2088 2081 
2137 2436 2206 1877 2033 1958 2112 2493 2255 2225 1897 2111 2188 2074 2386 2010 2274 2242 1949 2212 2227 2475 2272 1853 2113 2262 2062 1935 2320 2319 1969 1670 2004 2082 2131 2021 2096 1953 1996 2177 2452 2043 1996 2067 2122 2274 2165 2041 1867 2566 2246 2267 2101 2077 2187 1980 2194 2240 2234 2204 2021 1891 2129 2034 1987 2124 2192 2038 2206 2195 2068 2309 2039 2103 2112 2105 2247 2291 2128 2016 2155 2111 2419 2264 2044 1898 2093 1904 2266 2397 1976 2038 2219 2011 2169 2077 1925 2317 1905 2127 
2055 2300 2383 2000 2080 2108 2271 2494 2305 2229 2120 2144 2249 2069 2369 2154 2295 2283 1978 2204 2296 2322 2135 2152 2209 2266 2234 1844 2263 2248 1846 1888 1852 2027 2080 2083 2032 1996 2159 2365 2550 1958 2083 2138 2182 2298 2211 2147 2040 2487 2237 2351 2256 2079 2271 2016 2241 2251 2253 2300 1949 2065 2383 2245 1916 2104 2243 2073 2324 2261 2022 2514 2043 2135 2119 2098 2192 2281 2233 1963 2228 1997 2444 2087 2085 1982 2044 2041 2223 2424 2095 2018 2187 1959 2301 1964 1954 2433 2063 2191 
1911 2097 2045 1800 1992 1855 1949 2082 1966 1934 1939 2021 1901 1845 1956 1864 2117 1989 1945 2113 2038 2097 2075 1803 1942 1971 2007 1717 2022 2027 1557 1811 1793 1837 1766 1775 1787 1710 1936 1902 2133 1887 1876 1863 1995 2122 1990 2068 1932 2227 1987 2266 2200 1736 2038 1684 1890 1874 2272 2034 1867 1739 1922 1951 1944 2011 1904 1890 2068 1920 1970 2037 1839 2078 1929 2058 1962 2007 1975 1882 2023 1877 2207 2007 1929 1716 1956 1951 2003 2164 2009 1921 1950 1921 1949 1969 1704 2033 1951 2120 
1907 1979 1974 1760 1821 1957 1888 1982 1982 1885 1735 1938 1957 1723 2047 1753 1973 1907 1844 2026 1909 2017 2009 1893 1834 1877 2074 1831 1956 2002 1572 1524 1731 1764 1800 1745 1750 1670 1888 2051 2166 1770 1950 1763 1898 2023 2006 1980 1722 2258 1986 1967 1921 1719 2014 1879 1926 1810 2092 1975 1801 1738 2012 1838 1767 2029 1950 1793 1896 1834 1892 2068 1769 1957 1911 1865 1949 1939 2030 1677 2000 1866 2275 1965 1723 1693 1860 1910 1915 2056 1872 1882 2043 1885 1966 1989 1787 1913 1764 1874 
2196 2227 2283 2056 1986 2125 2092 2164 2315 2163 2020 2198 2161 1949 2320 2016 2296 2353 1956 2095 2066 2329 2221 2105 2086 2292 2285 1900 2282 2305 1741 1775 1833 2098 2160 1926 1936 1979 2186 2203 2631 2033 2156 2045 2185 2358 2319 1989 1882 2470 2293 2085 2364 1933 2162 1904 2160 2100 2258 2144 1954 1996 2079 2087 1981 2152 2344 2159 2190 2145 2049 2409 2095 2221 2007 2049 2052 2245 2152 1939 2176 2217 2406 2114 1971 1846 2250 1940 2170 2305 2317 2042 2228 1878 2113 2072 1912 2210 2006 1973 
2025 2155 1949 1816 2008 1933 1988 2246 2053 1964 1830 2017 1997 1918 1993 1609 2156 1911 1867 1998 1805 2172 1878 1789 1893 2141 2148 1918 1976 2046 1553 1692 1790 1845 2112 1837 1780 1897 2175 2012 2203 1861 1823 1861 2124 2076 2008 1909 1721 2166 2163 1990 2070 1766 1918 1830 1919 1921 2217 2083 1801 1599 2039 1952 1777 2147 2003 1925 1974 2083 1825 2099 1905 2023 1946 1977 1930 2067 2040 1910 2029 1826 2320 1758 1891 1824 1953 1844 1977 2218 1912 1885 1994 1767 2047 1917 1829 1996 1852 1869 
1847 2209 2242 1712 1830 1930 2071 2164 2128 2030 1864 2195 2039 1865 2149 1781 2028 2078 2003 2085 2167 2161 2147 1852 1832 2099 2153 1811 1994 2125 1574 1579 1735 2017 1963 1701 1995 1737 1861 1878 2326 2023 1893 1657 2017 2136 1920 1886 1751 2310 2032 1993 2222 1901 2025 1765 1788 1908 2076 2121 1799 1671 1900 1896 1955 1968 1910 1877 1973 1861 2030 2211 1850 1955 1802 1874 1963 2052 1959 1903 1907 1989 2334 2053 1913 1849 2045 1923 2012 2150 2003 1980 2112 1947 1964 2008 1788 2050 1914 2040 
2087 2260 2514 2036 2289 2116 2249 2383 2415 2290 2147 2381 2313 2037 2515 2103 2237 2349 2014 2254 2336 2431 2212 2324 2304 2178 2220 1875 2217 2400 1895 1847 2001 1989 2086 2191 2069 2138 2279 2223 2485 2127 2038 2079 2206 2160 2340 2030 1833 2649 2371 2268 2279 2052 2294 1933 2162 2347 2322 2329 2104 1923 2380 2106 2154 2314 2187 2152 2306 2253 2100 2558 2164 2279 2119 2085 2373 2397 2044 2092 2309 2094 2594 2235 2132 2052 1944 2042 2194 2417 2208 1966 2259 2033 2366 2162 2090 2189 1962 2055 
2129 2277 2198 1773 1942 1968 2039 2349 2106 2022 2067 2016 1984 1998 2172 1866 2193 2029 2016 2083 2121 2184 2107 1920 1959 2051 2059 1685 2012 2237 1769 1650 1898 1973 2094 1938 2085 1777 2053 2040 2246 2090 1962 1879 1957 2162 2124 1917 1984 2377 1971 2109 2162 1862 2070 1723 2080 2032 2172 2014 1976 1797 2172 1905 1918 2190 2064 1959 2162 1977 1880 2229 1903 2237 2129 1990 2036 1996 2028 1778 2197 2070 2253 1971 1797 1951 2123 1858 2048 2221 1962 1993 2132 1904 2247 2078 1977 2270 1975 2101 
1871 2138 2072 1823 2040 2003 2150 2133 2235 2097 1764 2025 2023 1701 2244 1881 2195 2165 1814 2117 2085 2225 2121 1990 2072 1888 2160 1723 2192 2148 1690 1633 1858 1881 1780 1873 1897 1926 2036 2038 2205 1710 1797 1981 1980 1984 2027 2145 1788 2181 2021 1995 1994 1817 2059 1948 1981 1932 2184 1936 1971 1677 2034 1988 1883 2088 2080 1954 2054 1946 1910 2241 1984 2105 1907 1897 2089 2040 1788 1728 2039 1972 2236 1918 1815 1987 1897 1943 2002 2242 1984 2066 1968 1805 2152 1963 1719 2031 1953 1810 
2098 2223 2138 1853 2053 1832 2195 2139 2110 2068 2048 2166 2047 1922 2290 1928 2084 2200 2052 2303 2233 2247 2206 1921 2031 2063 2091 1877 2191 2214 1547 1832 1839 1983 2014 1930 1926 1939 2173 1889 2256 2063 2050 2017 2205 2206 2077 1992 1862 2323 2154 2191 2216 1787 2144 1819 2050 2091 2298 2208 1937 1827 2138 1989 2052 2093 2024 2001 2207 2117 1912 2244 2031 2237 1963 2147 2113 2123 1935 2116 2133 2066 2399 2018 2042 1811 1989 2101 2195 2265 2076 1959 2082 1963 2218 2057 1819 2065 1998 2151 
2099 2305 2245 1931 2180 2197 2167 2323 2123 2366 1984 2213 2241 2080 2263 2037 2355 2082 2283 2355 2117 2428 2133 2156 2102 2491 2227 2024 2160 2218 1768 2041 1979 1865 2064 2032 1970 2053 2206 2314 2562 2131 2014 2017 2386 2335 2192 2129 1953 2346 2259 2217 2236 1911 2153 1967 2198 2011 2380 2245 2008 2051 2156 2090 1881 2226 2171 2157 2314 2185 2166 2412 1977 2232 2160 1959 2215 2229 2244 2051 2160 2092 2527 1938 2211 1901 2252 2116 2196 2362 2068 2214 2217 2167 2394 2181 2176 2160 2088 2255 
1757 1864 1968 1700 1740 1804 1854 1994 1936 1850 1795 1873 1664 1648 1903 1687 1847 1971 1630 1724 1742 1898 1691 1791 1841 1920 1798 1478 1888 1853 1512 1510 1500 1785 1748 1701 1574 1672 1921 1760 1963 1676 1720 1760 1880 1879 1865 1759 1725 1984 1704 1931 2089 1645 1746 1527 1732 1828 1986 1883 1681 1582 1768 1746 1713 1955 1915 1774 1904 1793 1753 1897 1772 1715 1631 1675 1718 1844 1746 1739 1890 1664 2034 1759 1593 1501 1689 1644 1804 2070 1786 1615 1762 1651 1876 1577 1655 1915 1649 1778 
1942 2190 2213 2021 2116 2237 2249 2515 2172 2108 2098 2240 2011 1963 2365 1925 2102 2125 1963 2218 2078 2158 2134 2018 2173 2186 2226 1764 2160 2223 1677 1653 1860 1964 2000 1997 1866 1922 2247 2203 2289 2019 2134 2026 2097 2212 2226 1999 1908 2401 2223 2076 2175 1902 2157 1862 2202 2126 2293 2301 2037 1811 2241 1939 1912 2080 2044 1834 2127 2257 2029 2165 2038 2212 2058 1993 2220 2274 2035 1890 2186 1931 2375 2099 1949 2045 1906 2154 2206 2323 2027 1958 2139 1917 2129 1929 1909 2165 2005 2050 
2056 2124 2273 1824 1883 1917 2110 2300 2301 2084 2099 2133 2013 1923 2315 1972 2099 2231 1938 2192 2062 2145 1987 2068 2064 2088 2234 1894 2011 2264 1645 1613 1740 1982 2097 1834 2154 1986 2090 2024 2328 2012 1991 2030 1931 1941 2150 2039 1993 2271 2091 2210 2151 2141 2120 1974 2060 2123 2249 2146 1941 1870 2104 1944 1762 2234 2005 2061 2011 2021 1931 2339 1817 2163 2061 1906 2181 2047 2011 1915 2205 2081 2305 1978 1890 2082 1866 1946 2067 2318 2025 1906 2176 1953 2211 2081 1858 2253 1991 1985 
1913 2045 1958 1600 1880 1636 2048 2039 1989 1795 1782 1966 1960 1798 2038 1734 1797 1827 1816 1920 1907 2132 1737 1777 1858 2006 1831 1553 1731 2076 1596 1609 1700 1834 1768 1774 1772 1783 1912 1961 2169 1743 1660 1668 2002 1927 1889 1793 1769 2218 1897 1917 2060 1616 1990 1655 1834 1862 2081 1866 1723 1711 1780 1860 1726 1891 2055 1757 1824 2057 1784 2190 1744 1970 1802 1689 1863 1968 1776 1701 1985 1982 2124 1818 1890 1569 1914 1739 1747 2220 1820 1730 1851 1876 2020 1875 1693 1940 1776 1883 
1914 2129 2359 2026 2105 1930 2060 2350 2128 2149 2116 2157 2096 1956 2333 2073 2060 2199 1728 2040 2169 2194 2112 2129 2123 2140 2004 1761 2254 2136 1866 1682 1849 2027 1987 1871 2181 2004 2090 2143 2381 1919 1896 2036 2072 1984 1958 1991 1872 2454 2255 2162 2188 2132 2100 1875 2027 2021 2121 2147 1840 1607 2159 1971 1847 2077 2069 2080 2026 1979 2080 2395 1960 2199 2031 2034 1926 2058 1943 1950 2188 1986 2351 1933 1952 1921 1996 2093 2033 2247 1991 1977 2166 1972 2175 2152 2003 2383 1994 1930 
1909 2058 1884 1791 1801 1717 1959 1981 2014 1699 1713 1847 1784 1675 1932 1772 1967 1834 1695 2006 1895 2040 1771 1842 1795 1836 1969 1652 1792 2046 1545 1446 1689 1790 1811 1725 1696 1698 1885 1839 2046 1724 1768 1822 1837 1898 1893 1915 1713 2169 1818 1908 1873 1763 1859 1637 1855 1771 2111 1970 1749 1690 1893 1773 1719 2009 1801 1862 1948 1793 1845 1888 1733 1940 1867 1842 1946 1902 1714 1683 1940 1897 2093 1782 1777 1639 1863 1848 1806 2092 1843 1785 1734 1745 2014 1760 1743 1909 1647 1882 
1892 1946 2102 1752 1813 1909 1942 2218 1951 2132 1814 2014 2107 1823 2027 1896 2072 1853 1730 2157 2111 1896 2102 1819 1906 2046 2019 1855 2206 2074 1547 1565 1651 1812 1860 1681 1624 1778 2031 1835 2290 1783 1945 1837 1988 1971 2103 1818 1666 2138 1888 2118 2030 1826 1959 1791 1898 1971 2025 2114 1700 1738 1961 1815 1789 1990 1868 1878 2132 1760 1773 2120 1790 1906 1898 1903 1880 1930 1966 1846 1907 1761 2212 1828 1754 1747 1834 1834 2015 1940 1910 1952 2016 1754 1958 1886 1607 1978 1946 1821 
2045 2097 2253 1996 2003 2062 2232 2341 2107 2039 2065 2129 1933 1900 2225 1972 2144 2159 1919 2381 2170 2225 2109 2026 2063 2181 2028 1836 2180 2154 1779 1764 1838 1950 2211 2083 1945 1960 2140 2006 2389 2156 2171 2097 1962 2032 2237 1945 1893 2481 2300 2096 2174 2000 2121 1905 2129 1884 2340 2321 2066 1745 2279 2088 1897 2200 2124 2144 1983 2108 2055 2213 1917 2214 2101 2047 2144 2195 1901 1889 2248 2096 2426 1995 1930 1837 2070 2023 2044 2271 2014 2148 2243 1948 2148 2004 2017 2129 1968 1998 
1995 2040 2153 1921 1939 2061 2064 2162 2180 1971 1961 2101 1990 1968 2152 2013 2310 2096 1760 2091 1887 2079 2043 2064 2048 2139 2220 1814 2141 2094 1781 1635 1776 2087 1893 1833 1942 1824 1986 2194 2347 1770 1947 1921 1994 2032 2093 2167 1839 2190 1972 2129 2146 1832 2138 1848 1874 1994 2217 2121 1838 1977 2104 2085 1798 2015 2045 1979 1960 2044 2017 2294 1960 2027 1936 1984 2098 2092 2124 1765 2022 2065 2343 1988 2072 1872 1922 1844 1879 2146 2064 1969 2092 1896 2136 1897 1839 2065 1854 2013 
1990 2032 2189 1837 2045 1962 2070 2237 2217 2201 2089 2161 1996 1878 2316 2018 2035 2170 1933 2223 2097 2062 2146 2043 1989 2172 2026 1885 2176 2333 1518 1597 1753 2045 2007 1856 1939 2087 2072 2022 2466 1944 2194 1980 2199 2164 2107 2128 1903 2317 2187 2167 2279 1939 2128 1820 2013 1999 2179 2269 1852 1984 2120 1840 1814 2151 1981 2049 2286 2021 1982 2221 2007 2314 2192 1944 2175 2031 2074 1902 2187 2118 2389 2034 1730 1859 2073 2009 2215 2305 2100 1969 2134 2055 2242 2032 1871 2119 2079 2053 
1830 1987 2036 1925 1922 1956 1971 2191 1963 2165 1977 1936 2029 1911 2017 1802 2020 2150 1761 1933 1920 2134 1974 1978 1947 2138 1986 1678 2005 2056 1520 1685 1777 1832 1831 1855 1800 1742 2066 2090 2295 1722 1905 1896 1973 1934 1936 2028 1754 2227 2053 2108 2086 1774 1968 1804 1812 1902 2113 2096 1616 1779 1821 1827 1799 2069 2108 1987 2071 1861 1911 2164 1801 2015 1863 1893 1881 2034 1922 1716 1977 1958 2248 1907 1916 1635 1900 1908 1970 2089 2040 1895 2003 1793 2014 1874 1862 2024 1928 1795 
1846 1977 2064 1812 1847 1942 1953 2232 2091 1832 2052 2024 1839 1827 1975 1965 2199 2085 1809 1975 2084 1897 2013 1867 1964 2014 2304 1703 1920 2117 1578 1652 1786 1879 1780 1789 1814 1939 2031 1986 2258 2057 1889 1704 1993 2122 2122 2064 1950 2098 2023 2150 2134 1843 1964 1815 1905 1833 2059 2261 1816 1804 2128 1950 1762 1940 1989 2028 1981 1976 1904 2186 1803 2011 2027 1860 2073 2122 2061 1878 1965 1807 2361 1853 1817 1946 2112 1881 1920 2233 1893 1752 2093 1773 2155 1985 1702 2173 2008 1943 
1992 2138 2146 1851 2147 1869 2001 2097 1995 2165 1886 2022 2158 1864 2150 1983 2132 2104 1971 2224 1977 2270 2112 1978 2056 2155 2069 1756 2116 2255 1654 1819 1908 1944 1898 1982 1854 1836 2124 2053 2351 1820 1975 1916 2068 2156 1968 2134 1969 2241 2116 2299 2303 1812 2180 1832 1960 2064 2072 2118 1923 1970 2186 1943 1892 2084 1991 1915 2289 1894 1896 2299 1946 2137 2103 2020 2215 2232 2002 1977 2095 2004 2286 1888 2095 1928 1977 1966 2119 2278 2035 1995 2006 1955 2224 2092 1879 2276 2053 2172 
1980 2256 2188 1789 2003 1943 2117 2188 2193 2083 1835 2102 2112 2060 2202 1729 2083 2129 2073 2221 2046 2131 2146 1884 2119 1909 2078 1703 1892 2181 1730 1672 1863 1815 1809 1957 1942 1915 1974 2013 2230 2019 1927 1890 1934 2131 2181 2037 1925 2346 1982 2164 2149 1899 1978 1904 2075 2025 2182 2118 1945 1951 2121 1947 1859 2089 2063 2137 2247 2032 1994 2325 1986 2194 1888 1808 2122 2018 1899 1849 2120 1903 2410 1925 1875 1957 1903 1945 2102 2127 1975 1899 2060 1762 2250 1868 1875 2057 1822 1955 
2129 2334 2283 2158 2164 2257 2310 2527 2340 2175 2297 2300 2201 2063 2426 2170 2337 2467 1842 2143 2167 2230 2228 2151 2232 2337 2223 2046 2334 2310 1707 1805 1898 2149 2144 2040 1901 2118 2370 2367 2554 2070 2040 2179 2091 2143 2311 2218 2008 2532 2318 2330 2316 1991 2250 1906 1957 2416 2351 2449 2079 1978 2209 2282 2012 2230 2276 2089 2203 2129 2049 2498 2050 2301 2014 2036 2226 2311 2088 1923 2341 2199 2616 2233 2185 1993 2122 2061 2159 2597 2104 2040 2288 2185 2358 2109 1890 2321 2008 2132 
2097 2271 2200 1873 1948 2097 2171 2272 2172 2138 2068 2135 2154 1929 2178 1941 2189 2124 1933 2204 2136 2353 2148 2012 2149 2188 2108 1824 2178 2113 1718 1769 1818 1980 2096 1982 1863 1997 2134 2208 2506 2022 2051 1946 1983 2202 2228 2017 1994 2247 2351 2091 2215 1824 2172 2061 2102 2107 2171 2230 1900 1964 2150 2064 1946 2137 2234 2026 2084 2151 1922 2149 1859 2222 1962 1906 2171 2123 2122 2041 2202 2056 2392 2069 1913 1776 2217 1940 2001 2275 2068 2035 2278 1953 2165 1961 2006 2221 2031 2197 
1948 2097 2093 1734 1887 1851 2038 2079 1967 2180 1912 1942 2019 2090 2137 1938 2017 2007 1768 2141 1965 2056 2010 2132 2020 2197 1909 1845 2103 2154 1778 1719 1728 1699 1739 1828 1775 1830 2026 2088 2166 1742 1963 1798 1966 1970 1936 1791 1781 2217 2188 2061 1846 1767 2130 1853 1890 2018 2118 2068 1842 1773 2033 1850 1775 1985 1939 1974 1960 2068 1961 2127 1937 2073 1925 1807 2049 1983 1903 1867 1963 1831 2220 1900 1974 1844 1764 1957 2109 2086 1851 1837 1966 1902 2050 1923 1880 2131 1896 1992 
2009 2182 2118 1973 2158 1959 2061 2068 2083 2156 1966 2084 2117 1995 2333 2060 2140 2271 1979 2102 1993 2218 1933 1935 1994 2175 1979 1761 2238 2210 1578 1732 1815 1932 1984 1897 1868 2092 2100 2119 2382 1998 1986 1919 2105 2199 1994 2095 1911 2272 2174 2097 2213 1820 2143 1929 2011 2084 2081 1989 1830 1909 2192 1867 1827 2087 2126 2059 2182 1921 1929 2292 1756 2231 2029 2026 2088 2066 2034 1866 2044 1921 2396 1917 1885 1831 2184 1972 2158 2215 1963 1980 2208 1877 2047 1870 2025 2231 2035 1942 
1849 1973 2041 1667 1828 1952 1944 2158 1975 2043 1875 1892 1868 1834 1993 1886 2028 1775 1752 1964 1915 2166 2091 1948 1904 2110 1909 1742 1797 2022 1527 1676 1710 1770 1895 1844 1779 1667 1897 2094 2333 1717 1954 1874 1947 2003 1947 1890 1736 2233 2052 1914 2082 1700 2046 1671 1783 2024 2042 2052 1605 1758 2033 1948 1768 1841 1925 1955 2187 1889 1908 2166 1854 2134 2025 1778 1959 2054 2034 1873 1879 1853 2125 1780 1939 1702 1949 1666 1900 2309 1805 1883 1992 1786 2012 1817 1817 2105 1807 1910 
2009 2081 2055 1807 2107 1947 2098 2252 2173 2177 1948 2034 2089 1903 2302 1899 2014 2126 1891 2164 2093 2031 2294 1908 2032 2210 2040 1823 2238 2270 1515 1695 1905 1985 1904 2000 1768 2004 2057 2068 2397 1978 1849 1915 2157 2227 2092 1994 1787 2338 2141 2088 2221 1805 2012 1796 2006 2047 2024 2278 1861 1754 2020 2045 2002 1983 2267 1999 2137 1993 1881 2218 2061 2035 1938 1974 2024 2085 1877 1969 2024 2008 2282 2053 1919 1762 2142 1956 2169 2143 1916 1990 2135 1793 2163 1936 1740 2089 2090 2038 
2015 2196 2143 1888 1910 1795 1941 2259 2013 2094 1920 2054 2109 1888 2341 1838 2195 2118 1858 2141 1978 2144 2137 1840 1971 2068 2047 1745 2028 2174 1569 1674 1806 2018 1839 1834 1819 1942 2023 2052 2119 1876 1943 1963 2024 1889 2072 1859 1920 2324 2184 2101 2098 1638 2119 1800 2046 2096 2004 2088 1867 1766 2059 1921 1923 2128 2090 1916 1945 1989 1688 2176 1829 2024 1848 1931 1991 2065 1868 1846 2012 1917 2190 2086 1848 1869 1860 1852 2041 2219 2082 1923 1989 1840 2006 1971 1796 1971 1912 1922 
2032 2104 2158 1734 1916 1968 2073 2252 2192 2085 1885 2034 2057 1812 2135 1979 2158 2008 1866 2191 2102 2137 2102 1960 1977 1987 2088 1848 2087 2159 1728 1747 1831 1770 2042 1878 1939 1664 2068 2130 2254 1933 2043 1962 2141 2088 1905 1991 1829 2355 2117 2193 2066 1778 2212 1843 1888 1994 2222 2114 1753 1728 2104 2148 1863 2031 1901 1854 2023 1984 1886 2340 1955 2095 1994 1836 1959 2100 2024 1788 1997 1928 2368 2052 1914 1994 1956 1957 2004 2199 2092 2083 2076 1996 1961 1914 1773 2192 2048 1966 
1996 2146 2194 1839 1960 1780 1951 2069 1907 2187 1843 2227 2198 1906 2134 1855 1885 1874 1686 2081 2024 2162 2146 1972 1988 2091 2102 1840 2125 2018 1832 1604 1739 1922 1945 1745 1785 1782 1983 1984 2416 1715 1858 1728 2066 2047 2056 1934 1765 2262 2064 1993 2106 1740 2019 1859 1872 2105 1897 2156 1784 1771 2100 1834 1816 2014 1920 1811 2148 1977 1861 2136 1866 2001 1915 2062 1909 2210 2071 1940 2049 1991 2279 1791 2008 1676 1951 1900 2065 2062 1834 1949 2036 1853 2007 2040 1863 1988 1860 1931 
2065 2130 2206 1963 2105 1928 2064 2209 2360 2128 2087 2119 2280 1891 2116 1893 2228 1918 1913 2328 2139 2193 2197 2116 2234 1954 2069 1743 2000 2169 1766 1676 1822 1999 1905 1933 1994 1898 2187 2127 2338 1996 2013 2138 2137 2019 2104 2133 2080 2362 2231 2268 2166 2067 2186 1881 2012 2034 2355 2203 1711 1971 2044 1922 1688 2060 2043 2082 2276 2119 1891 2309 1871 2119 2018 2034 2205 2134 2044 2084 2079 1949 2297 1820 2088 1971 2146 1923 2155 2309 2129 2075 2176 1804 2336 1882 1898 2423 2005 2141 
2171 2224 2180 1822 2168 1915 2271 2308 2300 2252 1974 2247 2243 2159 2321 2004 2204 1990 2035 2419 2202 2313 2075 2037 2164 2287 2115 1859 2183 2402 1778 1856 1946 2051 2152 1967 1971 2069 2110 2182 2474 1970 2167 1911 2346 2249 2074 2131 1995 2499 2224 2247 2216 1894 2216 1954 2070 2074 2267 2241 1921 1963 2193 1978 1965 2204 2137 1961 2270 2138 2070 2260 2040 2263 2173 2062 2280 2169 2131 2136 2184 2078 2393 2161 2149 1983 2108 1996 2281 2345 2119 2072 2200 2012 2361 2068 2085 2258 2180 2129 
2155 2252 2284 1985 2073 1957 2158 2481 2045 2114 2191 2180 2218 2037 2271 1973 2043 2133 2083 2328 2182 2288 2267 2181 2251 2162 2066 1830 2186 2360 1770 1777 1797 2089 2027 2050 2075 2031 2082 2093 2403 2031 2160 2009 2067 1990 2139 2067 1958 2401 2202 2238 2297 1941 2331 2091 1864 2286 2235 2289 1905 1982 2072 2094 1976 2174 2151 2219 2182 2081 1940 2381 1952 2271 2022 2029 1989 2113 2119 2121 2087 2109 2375 2087 2159 1808 2027 2007 2160 2182 2042 1986 2271 2033 2147 2105 1899 2263 2131 2129 
1975 2017 2249 1827 1988 2062 2052 2127 2235 2077 1975 2097 1966 1854 2289 1934 1965 2189 1876 2075 2009 2236 2083 1998 2081 2094 2081 1767 1940 2116 1768 1578 1852 2061 1854 1906 1863 1904 2034 2152 2294 1900 2006 1973 1962 2097 1935 1964 1918 2411 2163 2013 2204 1770 2079 1839 1979 1977 2036 2179 1777 1661 2089 1978 1899 2040 2140 2078 2029 1933 2123 2220 1910 2034 1916 1800 1997 2142 1988 1960 2023 1969 2368 2064 1946 1744 2073 1983 2012 2234 2032 1982 2025 1893 2041 1880 1924 2200 1817 2118 
1842 2053 2066 1754 1812 1931 1975 2022 1896 1948 1840 1879 2091 1685 2020 1698 2033 1836 1713 1969 1999 1952 1991 1824 1980 1917 1910 1598 1900 1975 1410 1489 1658 1717 1778 1792 1706 1671 2066 1953 2121 1778 1879 1886 1886 1909 1931 1778 1670 2123 2043 2036 1972 1879 2002 1787 1866 1844 2038 2017 1767 1687 1858 1768 1828 1922 2001 1792 1932 1796 1705 2130 1663 1893 1706 1731 1997 2015 1873 1815 1912 1733 2252 1737 1843 1672 1893 1885 1881 2051 1931 1743 2046 1725 1943 1863 1653 1958 1751 1938 
2088 1955 2021 1906 1903 1745 1880 2066 1773 2027 1852 1953 1993 1728 1950 1861 1993 1881 1803 2047 1868 2064 1739 1824 2087 1912 1940 1512 1866 2045 1589 1600 1646 1932 1608 1748 1492 1890 1982 1902 2179 1743 1757 1849 1833 1869 1943 1926 1792 2154 2019 2101 1951 1534 2087 1936 1786 1952 1971 2033 1615 1773 2054 1756 1687 2004 1952 1701 1864 1867 1718 2025 1911 1884 1798 1809 1955 2044 1822 1799 1948 1848 2092 1735 1909 1745 1935 1637 1894 1959 1792 1833 1881 1789 2008 1868 1771 1937 1847 1911 
1799 2011 2167 1831 1884 1998 2062 2180 2100 2011 1866 2037 2040 1778 2144 1728 2030 2034 1733 2012 2027 2233 1931 1863 1948 1956 2219 1770 1907 2078 1540 1594 1719 1883 1874 1849 1910 1905 1935 1986 2260 1911 1855 1780 1821 2097 1907 1868 1658 2211 1964 1938 2154 1823 2059 1743 1861 1937 2067 2038 1701 1769 2060 1883 1938 1997 1872 1933 2099 2075 1878 2261 1789 2038 2052 1836 1921 2044 2047 1861 1967 1840 2316 1928 1683 1897 2040 1770 1930 2119 2034 1936 2082 1737 1955 1817 1701 2008 1953 1895 
2157 2096 2247 2124 2211 2269 2257 2577 2196 2265 2241 2244 2013 2078 2264 2226 2197 2139 1835 2218 2211 2312 2292 2123 2050 2273 2074 1771 2444 2171 1811 1846 1889 2087 2147 1992 2083 2089 2311 2290 2585 2082 2067 2308 2277 2298 2291 2181 2059 2437 2309 2373 2269 2188 2243 1891 2154 2149 2261 2350 1923 1959 2174 2077 1843 2042 2148 2067 2241 2184 2144 2398 2061 2346 2088 2158 2246 2167 2088 2044 2303 2097 2367 2041 2052 1965 2116 1981 2355 2379 2020 2051 2360 1936 2161 2076 2023 2476 2067 2179 
1863 1959 1955 1889 1853 1917 1820 2137 1944 1980 1732 1979 1931 1646 1978 1659 2109 2005 1699 1987 1945 1933 1960 1819 1914 1796 1890 1692 2042 2088 1531 1580 1678 1751 1735 1790 1689 1689 1965 1860 2196 1763 1798 1765 1865 1857 2001 1815 1647 2206 2069 2002 1924 1800 2005 1751 1846 1770 2105 1987 1728 1612 1894 1942 1724 1994 1715 1735 1774 1801 1804 1969 2019 1999 1730 1845 1897 1970 1759 1700 2035 1691 2160 1813 1790 1750 1853 1769 1933 1993 1894 1776 2008 1718 1922 1884 1587 1957 1709 1700 
2077 2214 2351 2040 2053 2135 2266 2406 2220 2282 2129 2359 2013 1968 2364 2074 2296 2166 2030 2426 2201 2253 2346 2186 2166 2036 2329 1991 2396 2167 1756 1811 1801 2047 2078 1938 1972 1957 2205 2127 2396 2011 2070 1985 2128 1973 2232 2159 2043 2300 2158 2279 2312 1982 2274 1944 2173 2264 2218 2360 2021 2031 2195 2049 2032 2151 2104 1994 2274 2077 1938 2345 1981 2206 2060 2079 2154 2284 2143 1985 2321 1982 2571 2021 2053 1977 1954 2013 2163 2177 2069 2003 2261 1975 2335 2227 1881 2211 2090 2179 
1957 2068 2184 1684 1958 2013 2159 2283 2079 2124 1904 1984 1873 1907 1990 1938 2007 1957 1648 2005 1897 2079 1729 1925 2064 1926 2192 1852 1946 2080 1578 1667 1698 1733 1848 1841 1774 1879 2099 2001 2178 1777 1824 1881 1871 1993 1949 1960 1728 2139 2039 2030 1944 1890 1930 1905 1920 1868 2087 2094 1726 1833 1930 1955 1956 1883 2000 1869 2101 2011 1853 2259 1785 2029 1830 1704 1966 2031 1963 1864 1978 1838 2183 1882 1831 1774 2036 1878 1967 2307 1946 1887 1978 1775 1985 1872 1611 2007 1968 1864 
1938 2108 2163 1911 2140 2111 2148 2245 2284 2188 2095 2178 2061 1985 2221 1960 2255 2166 1802 2252 2227 2138 2180 2123 2100 2368 2257 2053 2231 2338 1648 1783 1781 1848 2128 1987 1998 2027 2115 2198 2454 2037 2092 1963 2153 2287 2252 2148 1857 2462 2221 2255 2201 1975 2267 1827 2004 2102 2368 2295 1956 1801 2215 2213 1903 2066 2060 1986 2202 2177 2017 2429 2054 2251 2038 2000 2157 2326 2175 2066 2110 2090 2523 1913 2104 1885 2148 2059 2135 2387 2095 1990 2150 1894 2167 2064 1903 2320 2104 2033 
2067 2311 2234 1875 2031 2026 2253 2205 2180 2064 1925 2201 2207 1906 2233 1708 2173 2147 2102 2230 2041 2300 2166 2006 2082 2035 2173 1809 2063 2518 1808 1580 1887 2086 2041 1972 1982 1938 1940 2157 2371 2093 2097 1792 2057 2036 2241 2023 1910 2491 2131 2069 2176 1943 2257 1958 1943 2191 2202 2082 2055 1998 2122 2019 2003 2261 2180 2010 1974 1986 1904 2310 1943 2197 2034 1886 2117 2191 2147 1907 2242 2120 2522 2286 1886 2020 1973 2060 1928 2161 2273 1978 2222 2026 2177 2052 1846 2076 1977 1951 
